#define KERN_SIZE 7
#define KERN_WIDTH 3
#define KERN_LEN 49

float glow[KERN_LEN] = {
    -0.212183, -0.030157, 0.096492, 0.142857, 0.096492, -0.030157, -0.212183, 
    -0.030157, 0.191878, 0.361123, 0.428571, 0.361123, 0.191878, -0.030157, 
    0.096492, 0.361123, 0.595939, 0.714286, 0.595939, 0.361123, 0.096492, 
    0.142857, 0.428571, 0.714286, 1.000000, 0.714286, 0.428571, 0.142857, 
    0.096492, 0.361123, 0.595939, 0.714286, 0.595939, 0.361123, 0.096492, 
    -0.030157, 0.191878, 0.361123, 0.428571, 0.361123, 0.191878, -0.030157, 
    -0.212183, -0.030157, 0.096492, 0.142857, 0.096492, -0.030157, -0.212183, 
};
