#version 460

layout(location = 0) out vec4 outColor;

layout(set = 0, binding = 0) uniform sampler2D inTex;

#define KERN_SIZE 49
#define KERN_WIDTH 24
#define KERN_LEN 2401

float glow[KERN_LEN] = {
    0.000000000, 0.000000000, 0.000000000, 0.000000000, 0.000000000, 0.000000000, 0.000000000, 0.000000000, 0.000000000, 0.000000000, 0.000000000, 0.000000000, 0.000000000, 0.000000000, 0.000000000, 0.000000000, 0.000000000, 0.000000000, 0.000000000, 0.000000000, 0.006895883, 0.012784763, 0.017012693, 0.019558186, 0.020408163, 0.019558186, 0.017012693, 0.012784763, 0.006895883, 0.000000000, 0.000000000, 0.000000000, 0.000000000, 0.000000000, 0.000000000, 0.000000000, 0.000000000, 0.000000000, 0.000000000, 0.000000000, 0.000000000, 0.000000000, 0.000000000, 0.000000000, 0.000000000, 0.000000000, 0.000000000, 0.000000000, 0.000000000, 
    0.000000000, 0.000000000, 0.000000000, 0.000000000, 0.000000000, 0.000000000, 0.000000000, 0.000000000, 0.000000000, 0.000000000, 0.000000000, 0.000000000, 0.000000000, 0.000000000, 0.000000000, 0.000000000, 0.006057505, 0.018708989, 0.029807033, 0.039297767, 0.047133233, 0.053272404, 0.057681959, 0.060337611, 0.061224490, 0.060337611, 0.057681959, 0.053272404, 0.047133233, 0.039297767, 0.029807033, 0.018708989, 0.006057505, 0.000000000, 0.000000000, 0.000000000, 0.000000000, 0.000000000, 0.000000000, 0.000000000, 0.000000000, 0.000000000, 0.000000000, 0.000000000, 0.000000000, 0.000000000, 0.000000000, 0.000000000, 0.000000000, 
    0.000000000, 0.000000000, 0.000000000, 0.000000000, 0.000000000, 0.000000000, 0.000000000, 0.000000000, 0.000000000, 0.000000000, 0.000000000, 0.000000000, 0.000000000, 0.000000000, 0.013628901, 0.029807033, 0.044514325, 0.057681959, 0.069244541, 0.079141736, 0.087319195, 0.093730457, 0.098337911, 0.101113692, 0.102040820, 0.101113692, 0.098337911, 0.093730457, 0.087319195, 0.079141736, 0.069244541, 0.057681959, 0.044514325, 0.029807033, 0.013628901, 0.000000000, 0.000000000, 0.000000000, 0.000000000, 0.000000000, 0.000000000, 0.000000000, 0.000000000, 0.000000000, 0.000000000, 0.000000000, 0.000000000, 0.000000000, 0.000000000, 
    0.000000000, 0.000000000, 0.000000000, 0.000000000, 0.000000000, 0.000000000, 0.000000000, 0.000000000, 0.000000000, 0.000000000, 0.000000000, 0.000000000, 0.012784763, 0.032386158, 0.050636448, 0.067456380, 0.082767174, 0.096492067, 0.108557954, 0.118896641, 0.127446622, 0.134154961, 0.138978690, 0.141885877, 0.142857149, 0.141885877, 0.138978690, 0.134154961, 0.127446622, 0.118896641, 0.108557954, 0.096492067, 0.082767174, 0.067456380, 0.050636448, 0.032386158, 0.012784763, 0.000000000, 0.000000000, 0.000000000, 0.000000000, 0.000000000, 0.000000000, 0.000000000, 0.000000000, 0.000000000, 0.000000000, 0.000000000, 0.000000000, 
    0.000000000, 0.000000000, 0.000000000, 0.000000000, 0.000000000, 0.000000000, 0.000000000, 0.000000000, 0.000000000, 0.000000000, 0.003546501, 0.026378710, 0.048007887, 0.068350032, 0.087319195, 0.104828037, 0.120789431, 0.135117516, 0.147730067, 0.158549875, 0.167507023, 0.174540848, 0.179602027, 0.182653695, 0.183673471, 0.182653695, 0.179602027, 0.174540848, 0.167507023, 0.158549875, 0.147730067, 0.135117516, 0.120789431, 0.104828037, 0.087319195, 0.068350032, 0.048007887, 0.026378710, 0.003546501, 0.000000000, 0.000000000, 0.000000000, 0.000000000, 0.000000000, 0.000000000, 0.000000000, 0.000000000, 0.000000000, 0.000000000, 
    0.000000000, 0.000000000, 0.000000000, 0.000000000, 0.000000000, 0.000000000, 0.000000000, 0.000000000, 0.000000000, 0.011941326, 0.036700111, 0.060337611, 0.082767174, 0.103898026, 0.123636283, 0.141885877, 0.158549875, 0.173532367, 0.186740488, 0.198086411, 0.207490265, 0.214882284, 0.220205188, 0.223416388, 0.224489793, 0.223416388, 0.220205188, 0.214882284, 0.207490265, 0.198086411, 0.186740488, 0.173532367, 0.158549875, 0.141885877, 0.123636283, 0.103898026, 0.082767174, 0.060337611, 0.036700111, 0.011941326, 0.000000000, 0.000000000, 0.000000000, 0.000000000, 0.000000000, 0.000000000, 0.000000000, 0.000000000, 0.000000000, 
    0.000000000, 0.000000000, 0.000000000, 0.000000000, 0.000000000, 0.000000000, 0.000000000, 0.000000000, 0.017012693, 0.043642860, 0.069244541, 0.093730457, 0.117007822, 0.138978690, 0.159540370, 0.178587317, 0.196011603, 0.211705804, 0.225564688, 0.237488106, 0.247384131, 0.255171955, 0.260784864, 0.264173239, 0.265306115, 0.264173239, 0.260784864, 0.255171955, 0.247384131, 0.237488106, 0.225564688, 0.211705804, 0.196011603, 0.178587317, 0.159540370, 0.138978690, 0.117007822, 0.093730457, 0.069244541, 0.043642860, 0.017012693, 0.000000000, 0.000000000, 0.000000000, 0.000000000, 0.000000000, 0.000000000, 0.000000000, 0.000000000, 
    0.000000000, 0.000000000, 0.000000000, 0.000000000, 0.000000000, 0.000000000, 0.000000000, 0.018708989, 0.047133233, 0.074629880, 0.101113692, 0.126492485, 0.150667235, 0.173532367, 0.194976181, 0.214882284, 0.233130857, 0.249600932, 0.264173239, 0.276732862, 0.287173510, 0.295400977, 0.301337034, 0.304922998, 0.306122452, 0.304922998, 0.301337034, 0.295400977, 0.287173510, 0.276732862, 0.264173239, 0.249600932, 0.233130857, 0.214882284, 0.194976181, 0.173532367, 0.150667235, 0.126492485, 0.101113692, 0.074629880, 0.047133233, 0.018708989, 0.000000000, 0.000000000, 0.000000000, 0.000000000, 0.000000000, 0.000000000, 0.000000000, 
    0.000000000, 0.000000000, 0.000000000, 0.000000000, 0.000000000, 0.000000000, 0.017012693, 0.047133233, 0.076431975, 0.104828037, 0.132232979, 0.158549875, 0.183673471, 0.207490265, 0.229879111, 0.250711858, 0.269855350, 0.287173510, 0.302530318, 0.315793723, 0.326839924, 0.335558355, 0.341856509, 0.345664501, 0.346938789, 0.345664501, 0.341856509, 0.335558355, 0.326839924, 0.315793723, 0.302530318, 0.287173510, 0.269855350, 0.250711858, 0.229879111, 0.207490265, 0.183673471, 0.158549875, 0.132232979, 0.104828037, 0.076431975, 0.047133233, 0.017012693, 0.000000000, 0.000000000, 0.000000000, 0.000000000, 0.000000000, 0.000000000, 
    0.000000000, 0.000000000, 0.000000000, 0.000000000, 0.000000000, 0.011941326, 0.043642860, 0.074629880, 0.104828037, 0.134154961, 0.162519023, 0.189819023, 0.215943933, 0.240772396, 0.264173239, 0.286005914, 0.306122452, 0.324369550, 0.340592057, 0.354637235, 0.366360217, 0.375630289, 0.382336915, 0.386396050, 0.387755096, 0.386396050, 0.382336915, 0.375630289, 0.366360217, 0.354637235, 0.340592057, 0.324369550, 0.306122452, 0.286005914, 0.264173239, 0.240772396, 0.215943933, 0.189819023, 0.162519023, 0.134154961, 0.104828037, 0.074629880, 0.043642860, 0.011941326, 0.000000000, 0.000000000, 0.000000000, 0.000000000, 0.000000000, 
    0.000000000, 0.000000000, 0.000000000, 0.000000000, 0.003546501, 0.036700111, 0.069244541, 0.101113692, 0.132232979, 0.162519023, 0.191877946, 0.220205188, 0.247384131, 0.273286015, 0.297769338, 0.320680976, 0.341856509, 0.361123413, 0.378304243, 0.393221676, 0.405705303, 0.415599108, 0.422769964, 0.427115589, 0.428571433, 0.427115589, 0.422769964, 0.415599108, 0.405705303, 0.393221676, 0.378304243, 0.361123413, 0.341856509, 0.320680976, 0.297769338, 0.273286015, 0.247384131, 0.220205188, 0.191877946, 0.162519023, 0.132232979, 0.101113692, 0.069244541, 0.036700111, 0.003546501, 0.000000000, 0.000000000, 0.000000000, 0.000000000, 
    0.000000000, 0.000000000, 0.000000000, 0.000000000, 0.026378710, 0.060337611, 0.093730457, 0.126492485, 0.158549875, 0.189819023, 0.220205188, 0.249600932, 0.277885437, 0.304922998, 0.330562443, 0.354637235, 0.376965821, 0.397354156, 0.415599108, 0.431494355, 0.444837928, 0.455442280, 0.463145047, 0.467820227, 0.469387770, 0.467820227, 0.463145047, 0.455442280, 0.444837928, 0.431494355, 0.415599108, 0.397354156, 0.376965821, 0.354637235, 0.330562443, 0.304922998, 0.277885437, 0.249600932, 0.220205188, 0.189819023, 0.158549875, 0.126492485, 0.093730457, 0.060337611, 0.026378710, 0.000000000, 0.000000000, 0.000000000, 0.000000000, 
    0.000000000, 0.000000000, 0.000000000, 0.012784763, 0.048007887, 0.082767174, 0.117007822, 0.150667235, 0.183673471, 0.215943933, 0.247384131, 0.277885437, 0.307323992, 0.335558355, 0.362428576, 0.387755096, 0.411338568, 0.432961494, 0.452391535, 0.469387770, 0.483709753, 0.495129913, 0.503447950, 0.508506358, 0.510204077, 0.508506358, 0.503447950, 0.495129913, 0.483709753, 0.469387770, 0.452391535, 0.432961494, 0.411338568, 0.387755096, 0.362428576, 0.335558355, 0.307323992, 0.277885437, 0.247384131, 0.215943933, 0.183673471, 0.150667235, 0.117007822, 0.082767174, 0.048007887, 0.012784763, 0.000000000, 0.000000000, 0.000000000, 
    0.000000000, 0.000000000, 0.000000000, 0.032386158, 0.068350032, 0.103898026, 0.138978690, 0.173532367, 0.207490265, 0.240772396, 0.273286015, 0.304922998, 0.335558355, 0.365046978, 0.393221676, 0.419891000, 0.444837928, 0.467820227, 0.488572866, 0.506814480, 0.522257149, 0.534622252, 0.543659627, 0.549168944, 0.551020384, 0.549168944, 0.543659627, 0.534622252, 0.522257149, 0.506814480, 0.488572866, 0.467820227, 0.444837928, 0.419891000, 0.393221676, 0.365046978, 0.335558355, 0.304922998, 0.273286015, 0.240772396, 0.207490265, 0.173532367, 0.138978690, 0.103898026, 0.068350032, 0.032386158, 0.000000000, 0.000000000, 0.000000000, 
    0.000000000, 0.000000000, 0.013628901, 0.050636448, 0.087319195, 0.123636283, 0.159540370, 0.194976181, 0.229879111, 0.264173239, 0.297769338, 0.330562443, 0.362428576, 0.393221676, 0.422769964, 0.450872511, 0.477295965, 0.501773238, 0.524003923, 0.543659627, 0.560394704, 0.573865056, 0.583753526, 0.589801013, 0.591836751, 0.589801013, 0.583753526, 0.573865056, 0.560394704, 0.543659627, 0.524003923, 0.501773238, 0.477295965, 0.450872511, 0.422769964, 0.393221676, 0.362428576, 0.330562443, 0.297769338, 0.264173239, 0.229879111, 0.194976181, 0.159540370, 0.123636283, 0.087319195, 0.050636448, 0.013628901, 0.000000000, 0.000000000, 
    0.000000000, 0.000000000, 0.029807033, 0.067456380, 0.104828037, 0.141885877, 0.178587317, 0.214882284, 0.250711858, 0.286005914, 0.320680976, 0.354637235, 0.387755096, 0.419891000, 0.450872511, 0.480492949, 0.508506358, 0.534622252, 0.558503926, 0.579770207, 0.598005772, 0.612782359, 0.623692036, 0.630392432, 0.632653058, 0.630392432, 0.623692036, 0.612782359, 0.598005772, 0.579770207, 0.558503926, 0.534622252, 0.508506358, 0.480492949, 0.450872511, 0.419891000, 0.387755096, 0.354637235, 0.320680976, 0.286005914, 0.250711858, 0.214882284, 0.178587317, 0.141885877, 0.104828037, 0.067456380, 0.029807033, 0.000000000, 0.000000000, 
    0.000000000, 0.006057505, 0.044514325, 0.082767174, 0.120789431, 0.158549875, 0.196011603, 0.233130857, 0.269855350, 0.306122452, 0.341856509, 0.376965821, 0.411338568, 0.444837928, 0.477295965, 0.508506358, 0.538215995, 0.566116512, 0.591836751, 0.614939570, 0.634927690, 0.651265144, 0.663419902, 0.670928240, 0.673469365, 0.670928240, 0.663419902, 0.651265144, 0.634927690, 0.614939570, 0.591836751, 0.566116512, 0.538215995, 0.508506358, 0.477295965, 0.444837928, 0.411338568, 0.376965821, 0.341856509, 0.306122452, 0.269855350, 0.233130857, 0.196011603, 0.158549875, 0.120789431, 0.082767174, 0.044514325, 0.006057505, 0.000000000, 
    0.000000000, 0.018708989, 0.057681959, 0.096492067, 0.135117516, 0.173532367, 0.211705804, 0.249600932, 0.287173510, 0.324369550, 0.361123413, 0.397354156, 0.432961494, 0.467820227, 0.501773238, 0.534622252, 0.566116512, 0.595938981, 0.623692036, 0.648884654, 0.670928240, 0.689152181, 0.702852666, 0.711385012, 0.714285731, 0.711385012, 0.702852666, 0.689152181, 0.670928240, 0.648884654, 0.623692036, 0.595938981, 0.566116512, 0.534622252, 0.501773238, 0.467820227, 0.432961494, 0.397354156, 0.361123413, 0.324369550, 0.287173510, 0.249600932, 0.211705804, 0.173532367, 0.135117516, 0.096492067, 0.057681959, 0.018708989, 0.000000000, 
    0.000000000, 0.029807033, 0.069244541, 0.108557954, 0.147730067, 0.186740488, 0.225564688, 0.264173239, 0.302530318, 0.340592057, 0.378304243, 0.415599108, 0.452391535, 0.488572866, 0.524003923, 0.558503926, 0.591836751, 0.623692036, 0.653662026, 0.681214333, 0.705669343, 0.726195753, 0.741854906, 0.751723945, 0.755102038, 0.751723945, 0.741854906, 0.726195753, 0.705669343, 0.681214333, 0.653662026, 0.623692036, 0.591836751, 0.558503926, 0.524003923, 0.488572866, 0.452391535, 0.415599108, 0.378304243, 0.340592057, 0.302530318, 0.264173239, 0.225564688, 0.186740488, 0.147730067, 0.108557954, 0.069244541, 0.029807033, 0.000000000, 
    0.000000000, 0.039297767, 0.079141736, 0.118896641, 0.158549875, 0.198086411, 0.237488106, 0.276732862, 0.315793723, 0.354637235, 0.393221676, 0.431494355, 0.469387770, 0.506814480, 0.543659627, 0.579770207, 0.614939570, 0.648884654, 0.681214333, 0.711385012, 0.738647997, 0.762001991, 0.780197382, 0.791876733, 0.795918345, 0.791876733, 0.780197382, 0.762001991, 0.738647997, 0.711385012, 0.681214333, 0.648884654, 0.614939570, 0.579770207, 0.543659627, 0.506814480, 0.469387770, 0.431494355, 0.393221676, 0.354637235, 0.315793723, 0.276732862, 0.237488106, 0.198086411, 0.158549875, 0.118896641, 0.079141736, 0.039297767, 0.000000000, 
    0.006895883, 0.047133233, 0.087319195, 0.127446622, 0.167507023, 0.207490265, 0.247384131, 0.287173510, 0.326839924, 0.366360217, 0.405705303, 0.444837928, 0.483709753, 0.522257149, 0.560394704, 0.598005772, 0.634927690, 0.670928240, 0.705669343, 0.738647997, 0.769107997, 0.795918345, 0.817463875, 0.831709981, 0.836734712, 0.831709981, 0.817463875, 0.795918345, 0.769107997, 0.738647997, 0.705669343, 0.670928240, 0.634927690, 0.598005772, 0.560394704, 0.522257149, 0.483709753, 0.444837928, 0.405705303, 0.366360217, 0.326839924, 0.287173510, 0.247384131, 0.207490265, 0.167507023, 0.127446622, 0.087319195, 0.047133233, 0.006895883, 
    0.012784763, 0.053272404, 0.093730457, 0.134154961, 0.174540848, 0.214882284, 0.255171955, 0.295400977, 0.335558355, 0.375630289, 0.415599108, 0.455442280, 0.495129913, 0.534622252, 0.573865056, 0.612782359, 0.651265144, 0.689152181, 0.726195753, 0.762001991, 0.795918345, 0.826830983, 0.852834642, 0.870927453, 0.877551019, 0.870927453, 0.852834642, 0.826830983, 0.795918345, 0.762001991, 0.726195753, 0.689152181, 0.651265144, 0.612782359, 0.573865056, 0.534622252, 0.495129913, 0.455442280, 0.415599108, 0.375630289, 0.335558355, 0.295400977, 0.255171955, 0.214882284, 0.174540848, 0.134154961, 0.093730457, 0.053272404, 0.012784763, 
    0.017012693, 0.057681959, 0.098337911, 0.138978690, 0.179602027, 0.220205188, 0.260784864, 0.301337034, 0.341856509, 0.382336915, 0.422769964, 0.463145047, 0.503447950, 0.543659627, 0.583753526, 0.623692036, 0.663419902, 0.702852666, 0.741854906, 0.780197382, 0.817463875, 0.852834642, 0.884554029, 0.908731878, 0.918367326, 0.908731878, 0.884554029, 0.852834642, 0.817463875, 0.780197382, 0.741854906, 0.702852666, 0.663419902, 0.623692036, 0.583753526, 0.543659627, 0.503447950, 0.463145047, 0.422769964, 0.382336915, 0.341856509, 0.301337034, 0.260784864, 0.220205188, 0.179602027, 0.138978690, 0.098337911, 0.057681959, 0.017012693, 
    0.019558186, 0.060337611, 0.101113692, 0.141885877, 0.182653695, 0.223416388, 0.264173239, 0.304922998, 0.345664501, 0.386396050, 0.427115589, 0.467820227, 0.508506358, 0.549168944, 0.589801013, 0.630392432, 0.670928240, 0.711385012, 0.751723945, 0.791876733, 0.831709981, 0.870927453, 0.908731878, 0.942277014, 0.959183693, 0.942277014, 0.908731878, 0.870927453, 0.831709981, 0.791876733, 0.751723945, 0.711385012, 0.670928240, 0.630392432, 0.589801013, 0.549168944, 0.508506358, 0.467820227, 0.427115589, 0.386396050, 0.345664501, 0.304922998, 0.264173239, 0.223416388, 0.182653695, 0.141885877, 0.101113692, 0.060337611, 0.019558186, 
    0.020408163, 0.061224490, 0.102040820, 0.142857149, 0.183673471, 0.224489793, 0.265306115, 0.306122452, 0.346938789, 0.387755096, 0.428571433, 0.469387770, 0.510204077, 0.551020384, 0.591836751, 0.632653058, 0.673469365, 0.714285731, 0.755102038, 0.795918345, 0.836734712, 0.877551019, 0.918367326, 0.959183693, 1.000000000, 0.959183693, 0.918367326, 0.877551019, 0.836734712, 0.795918345, 0.755102038, 0.714285731, 0.673469365, 0.632653058, 0.591836751, 0.551020384, 0.510204077, 0.469387770, 0.428571433, 0.387755096, 0.346938789, 0.306122452, 0.265306115, 0.224489793, 0.183673471, 0.142857149, 0.102040820, 0.061224490, 0.020408163, 
    0.019558186, 0.060337611, 0.101113692, 0.141885877, 0.182653695, 0.223416388, 0.264173239, 0.304922998, 0.345664501, 0.386396050, 0.427115589, 0.467820227, 0.508506358, 0.549168944, 0.589801013, 0.630392432, 0.670928240, 0.711385012, 0.751723945, 0.791876733, 0.831709981, 0.870927453, 0.908731878, 0.942277014, 0.959183693, 0.942277014, 0.908731878, 0.870927453, 0.831709981, 0.791876733, 0.751723945, 0.711385012, 0.670928240, 0.630392432, 0.589801013, 0.549168944, 0.508506358, 0.467820227, 0.427115589, 0.386396050, 0.345664501, 0.304922998, 0.264173239, 0.223416388, 0.182653695, 0.141885877, 0.101113692, 0.060337611, 0.019558186, 
    0.017012693, 0.057681959, 0.098337911, 0.138978690, 0.179602027, 0.220205188, 0.260784864, 0.301337034, 0.341856509, 0.382336915, 0.422769964, 0.463145047, 0.503447950, 0.543659627, 0.583753526, 0.623692036, 0.663419902, 0.702852666, 0.741854906, 0.780197382, 0.817463875, 0.852834642, 0.884554029, 0.908731878, 0.918367326, 0.908731878, 0.884554029, 0.852834642, 0.817463875, 0.780197382, 0.741854906, 0.702852666, 0.663419902, 0.623692036, 0.583753526, 0.543659627, 0.503447950, 0.463145047, 0.422769964, 0.382336915, 0.341856509, 0.301337034, 0.260784864, 0.220205188, 0.179602027, 0.138978690, 0.098337911, 0.057681959, 0.017012693, 
    0.012784763, 0.053272404, 0.093730457, 0.134154961, 0.174540848, 0.214882284, 0.255171955, 0.295400977, 0.335558355, 0.375630289, 0.415599108, 0.455442280, 0.495129913, 0.534622252, 0.573865056, 0.612782359, 0.651265144, 0.689152181, 0.726195753, 0.762001991, 0.795918345, 0.826830983, 0.852834642, 0.870927453, 0.877551019, 0.870927453, 0.852834642, 0.826830983, 0.795918345, 0.762001991, 0.726195753, 0.689152181, 0.651265144, 0.612782359, 0.573865056, 0.534622252, 0.495129913, 0.455442280, 0.415599108, 0.375630289, 0.335558355, 0.295400977, 0.255171955, 0.214882284, 0.174540848, 0.134154961, 0.093730457, 0.053272404, 0.012784763, 
    0.006895883, 0.047133233, 0.087319195, 0.127446622, 0.167507023, 0.207490265, 0.247384131, 0.287173510, 0.326839924, 0.366360217, 0.405705303, 0.444837928, 0.483709753, 0.522257149, 0.560394704, 0.598005772, 0.634927690, 0.670928240, 0.705669343, 0.738647997, 0.769107997, 0.795918345, 0.817463875, 0.831709981, 0.836734712, 0.831709981, 0.817463875, 0.795918345, 0.769107997, 0.738647997, 0.705669343, 0.670928240, 0.634927690, 0.598005772, 0.560394704, 0.522257149, 0.483709753, 0.444837928, 0.405705303, 0.366360217, 0.326839924, 0.287173510, 0.247384131, 0.207490265, 0.167507023, 0.127446622, 0.087319195, 0.047133233, 0.006895883, 
    0.000000000, 0.039297767, 0.079141736, 0.118896641, 0.158549875, 0.198086411, 0.237488106, 0.276732862, 0.315793723, 0.354637235, 0.393221676, 0.431494355, 0.469387770, 0.506814480, 0.543659627, 0.579770207, 0.614939570, 0.648884654, 0.681214333, 0.711385012, 0.738647997, 0.762001991, 0.780197382, 0.791876733, 0.795918345, 0.791876733, 0.780197382, 0.762001991, 0.738647997, 0.711385012, 0.681214333, 0.648884654, 0.614939570, 0.579770207, 0.543659627, 0.506814480, 0.469387770, 0.431494355, 0.393221676, 0.354637235, 0.315793723, 0.276732862, 0.237488106, 0.198086411, 0.158549875, 0.118896641, 0.079141736, 0.039297767, 0.000000000, 
    0.000000000, 0.029807033, 0.069244541, 0.108557954, 0.147730067, 0.186740488, 0.225564688, 0.264173239, 0.302530318, 0.340592057, 0.378304243, 0.415599108, 0.452391535, 0.488572866, 0.524003923, 0.558503926, 0.591836751, 0.623692036, 0.653662026, 0.681214333, 0.705669343, 0.726195753, 0.741854906, 0.751723945, 0.755102038, 0.751723945, 0.741854906, 0.726195753, 0.705669343, 0.681214333, 0.653662026, 0.623692036, 0.591836751, 0.558503926, 0.524003923, 0.488572866, 0.452391535, 0.415599108, 0.378304243, 0.340592057, 0.302530318, 0.264173239, 0.225564688, 0.186740488, 0.147730067, 0.108557954, 0.069244541, 0.029807033, 0.000000000, 
    0.000000000, 0.018708989, 0.057681959, 0.096492067, 0.135117516, 0.173532367, 0.211705804, 0.249600932, 0.287173510, 0.324369550, 0.361123413, 0.397354156, 0.432961494, 0.467820227, 0.501773238, 0.534622252, 0.566116512, 0.595938981, 0.623692036, 0.648884654, 0.670928240, 0.689152181, 0.702852666, 0.711385012, 0.714285731, 0.711385012, 0.702852666, 0.689152181, 0.670928240, 0.648884654, 0.623692036, 0.595938981, 0.566116512, 0.534622252, 0.501773238, 0.467820227, 0.432961494, 0.397354156, 0.361123413, 0.324369550, 0.287173510, 0.249600932, 0.211705804, 0.173532367, 0.135117516, 0.096492067, 0.057681959, 0.018708989, 0.000000000, 
    0.000000000, 0.006057505, 0.044514325, 0.082767174, 0.120789431, 0.158549875, 0.196011603, 0.233130857, 0.269855350, 0.306122452, 0.341856509, 0.376965821, 0.411338568, 0.444837928, 0.477295965, 0.508506358, 0.538215995, 0.566116512, 0.591836751, 0.614939570, 0.634927690, 0.651265144, 0.663419902, 0.670928240, 0.673469365, 0.670928240, 0.663419902, 0.651265144, 0.634927690, 0.614939570, 0.591836751, 0.566116512, 0.538215995, 0.508506358, 0.477295965, 0.444837928, 0.411338568, 0.376965821, 0.341856509, 0.306122452, 0.269855350, 0.233130857, 0.196011603, 0.158549875, 0.120789431, 0.082767174, 0.044514325, 0.006057505, 0.000000000, 
    0.000000000, 0.000000000, 0.029807033, 0.067456380, 0.104828037, 0.141885877, 0.178587317, 0.214882284, 0.250711858, 0.286005914, 0.320680976, 0.354637235, 0.387755096, 0.419891000, 0.450872511, 0.480492949, 0.508506358, 0.534622252, 0.558503926, 0.579770207, 0.598005772, 0.612782359, 0.623692036, 0.630392432, 0.632653058, 0.630392432, 0.623692036, 0.612782359, 0.598005772, 0.579770207, 0.558503926, 0.534622252, 0.508506358, 0.480492949, 0.450872511, 0.419891000, 0.387755096, 0.354637235, 0.320680976, 0.286005914, 0.250711858, 0.214882284, 0.178587317, 0.141885877, 0.104828037, 0.067456380, 0.029807033, 0.000000000, 0.000000000, 
    0.000000000, 0.000000000, 0.013628901, 0.050636448, 0.087319195, 0.123636283, 0.159540370, 0.194976181, 0.229879111, 0.264173239, 0.297769338, 0.330562443, 0.362428576, 0.393221676, 0.422769964, 0.450872511, 0.477295965, 0.501773238, 0.524003923, 0.543659627, 0.560394704, 0.573865056, 0.583753526, 0.589801013, 0.591836751, 0.589801013, 0.583753526, 0.573865056, 0.560394704, 0.543659627, 0.524003923, 0.501773238, 0.477295965, 0.450872511, 0.422769964, 0.393221676, 0.362428576, 0.330562443, 0.297769338, 0.264173239, 0.229879111, 0.194976181, 0.159540370, 0.123636283, 0.087319195, 0.050636448, 0.013628901, 0.000000000, 0.000000000, 
    0.000000000, 0.000000000, 0.000000000, 0.032386158, 0.068350032, 0.103898026, 0.138978690, 0.173532367, 0.207490265, 0.240772396, 0.273286015, 0.304922998, 0.335558355, 0.365046978, 0.393221676, 0.419891000, 0.444837928, 0.467820227, 0.488572866, 0.506814480, 0.522257149, 0.534622252, 0.543659627, 0.549168944, 0.551020384, 0.549168944, 0.543659627, 0.534622252, 0.522257149, 0.506814480, 0.488572866, 0.467820227, 0.444837928, 0.419891000, 0.393221676, 0.365046978, 0.335558355, 0.304922998, 0.273286015, 0.240772396, 0.207490265, 0.173532367, 0.138978690, 0.103898026, 0.068350032, 0.032386158, 0.000000000, 0.000000000, 0.000000000, 
    0.000000000, 0.000000000, 0.000000000, 0.012784763, 0.048007887, 0.082767174, 0.117007822, 0.150667235, 0.183673471, 0.215943933, 0.247384131, 0.277885437, 0.307323992, 0.335558355, 0.362428576, 0.387755096, 0.411338568, 0.432961494, 0.452391535, 0.469387770, 0.483709753, 0.495129913, 0.503447950, 0.508506358, 0.510204077, 0.508506358, 0.503447950, 0.495129913, 0.483709753, 0.469387770, 0.452391535, 0.432961494, 0.411338568, 0.387755096, 0.362428576, 0.335558355, 0.307323992, 0.277885437, 0.247384131, 0.215943933, 0.183673471, 0.150667235, 0.117007822, 0.082767174, 0.048007887, 0.012784763, 0.000000000, 0.000000000, 0.000000000, 
    0.000000000, 0.000000000, 0.000000000, 0.000000000, 0.026378710, 0.060337611, 0.093730457, 0.126492485, 0.158549875, 0.189819023, 0.220205188, 0.249600932, 0.277885437, 0.304922998, 0.330562443, 0.354637235, 0.376965821, 0.397354156, 0.415599108, 0.431494355, 0.444837928, 0.455442280, 0.463145047, 0.467820227, 0.469387770, 0.467820227, 0.463145047, 0.455442280, 0.444837928, 0.431494355, 0.415599108, 0.397354156, 0.376965821, 0.354637235, 0.330562443, 0.304922998, 0.277885437, 0.249600932, 0.220205188, 0.189819023, 0.158549875, 0.126492485, 0.093730457, 0.060337611, 0.026378710, 0.000000000, 0.000000000, 0.000000000, 0.000000000, 
    0.000000000, 0.000000000, 0.000000000, 0.000000000, 0.003546501, 0.036700111, 0.069244541, 0.101113692, 0.132232979, 0.162519023, 0.191877946, 0.220205188, 0.247384131, 0.273286015, 0.297769338, 0.320680976, 0.341856509, 0.361123413, 0.378304243, 0.393221676, 0.405705303, 0.415599108, 0.422769964, 0.427115589, 0.428571433, 0.427115589, 0.422769964, 0.415599108, 0.405705303, 0.393221676, 0.378304243, 0.361123413, 0.341856509, 0.320680976, 0.297769338, 0.273286015, 0.247384131, 0.220205188, 0.191877946, 0.162519023, 0.132232979, 0.101113692, 0.069244541, 0.036700111, 0.003546501, 0.000000000, 0.000000000, 0.000000000, 0.000000000, 
    0.000000000, 0.000000000, 0.000000000, 0.000000000, 0.000000000, 0.011941326, 0.043642860, 0.074629880, 0.104828037, 0.134154961, 0.162519023, 0.189819023, 0.215943933, 0.240772396, 0.264173239, 0.286005914, 0.306122452, 0.324369550, 0.340592057, 0.354637235, 0.366360217, 0.375630289, 0.382336915, 0.386396050, 0.387755096, 0.386396050, 0.382336915, 0.375630289, 0.366360217, 0.354637235, 0.340592057, 0.324369550, 0.306122452, 0.286005914, 0.264173239, 0.240772396, 0.215943933, 0.189819023, 0.162519023, 0.134154961, 0.104828037, 0.074629880, 0.043642860, 0.011941326, 0.000000000, 0.000000000, 0.000000000, 0.000000000, 0.000000000, 
    0.000000000, 0.000000000, 0.000000000, 0.000000000, 0.000000000, 0.000000000, 0.017012693, 0.047133233, 0.076431975, 0.104828037, 0.132232979, 0.158549875, 0.183673471, 0.207490265, 0.229879111, 0.250711858, 0.269855350, 0.287173510, 0.302530318, 0.315793723, 0.326839924, 0.335558355, 0.341856509, 0.345664501, 0.346938789, 0.345664501, 0.341856509, 0.335558355, 0.326839924, 0.315793723, 0.302530318, 0.287173510, 0.269855350, 0.250711858, 0.229879111, 0.207490265, 0.183673471, 0.158549875, 0.132232979, 0.104828037, 0.076431975, 0.047133233, 0.017012693, 0.000000000, 0.000000000, 0.000000000, 0.000000000, 0.000000000, 0.000000000, 
    0.000000000, 0.000000000, 0.000000000, 0.000000000, 0.000000000, 0.000000000, 0.000000000, 0.018708989, 0.047133233, 0.074629880, 0.101113692, 0.126492485, 0.150667235, 0.173532367, 0.194976181, 0.214882284, 0.233130857, 0.249600932, 0.264173239, 0.276732862, 0.287173510, 0.295400977, 0.301337034, 0.304922998, 0.306122452, 0.304922998, 0.301337034, 0.295400977, 0.287173510, 0.276732862, 0.264173239, 0.249600932, 0.233130857, 0.214882284, 0.194976181, 0.173532367, 0.150667235, 0.126492485, 0.101113692, 0.074629880, 0.047133233, 0.018708989, 0.000000000, 0.000000000, 0.000000000, 0.000000000, 0.000000000, 0.000000000, 0.000000000, 
    0.000000000, 0.000000000, 0.000000000, 0.000000000, 0.000000000, 0.000000000, 0.000000000, 0.000000000, 0.017012693, 0.043642860, 0.069244541, 0.093730457, 0.117007822, 0.138978690, 0.159540370, 0.178587317, 0.196011603, 0.211705804, 0.225564688, 0.237488106, 0.247384131, 0.255171955, 0.260784864, 0.264173239, 0.265306115, 0.264173239, 0.260784864, 0.255171955, 0.247384131, 0.237488106, 0.225564688, 0.211705804, 0.196011603, 0.178587317, 0.159540370, 0.138978690, 0.117007822, 0.093730457, 0.069244541, 0.043642860, 0.017012693, 0.000000000, 0.000000000, 0.000000000, 0.000000000, 0.000000000, 0.000000000, 0.000000000, 0.000000000, 
    0.000000000, 0.000000000, 0.000000000, 0.000000000, 0.000000000, 0.000000000, 0.000000000, 0.000000000, 0.000000000, 0.011941326, 0.036700111, 0.060337611, 0.082767174, 0.103898026, 0.123636283, 0.141885877, 0.158549875, 0.173532367, 0.186740488, 0.198086411, 0.207490265, 0.214882284, 0.220205188, 0.223416388, 0.224489793, 0.223416388, 0.220205188, 0.214882284, 0.207490265, 0.198086411, 0.186740488, 0.173532367, 0.158549875, 0.141885877, 0.123636283, 0.103898026, 0.082767174, 0.060337611, 0.036700111, 0.011941326, 0.000000000, 0.000000000, 0.000000000, 0.000000000, 0.000000000, 0.000000000, 0.000000000, 0.000000000, 0.000000000, 
    0.000000000, 0.000000000, 0.000000000, 0.000000000, 0.000000000, 0.000000000, 0.000000000, 0.000000000, 0.000000000, 0.000000000, 0.003546501, 0.026378710, 0.048007887, 0.068350032, 0.087319195, 0.104828037, 0.120789431, 0.135117516, 0.147730067, 0.158549875, 0.167507023, 0.174540848, 0.179602027, 0.182653695, 0.183673471, 0.182653695, 0.179602027, 0.174540848, 0.167507023, 0.158549875, 0.147730067, 0.135117516, 0.120789431, 0.104828037, 0.087319195, 0.068350032, 0.048007887, 0.026378710, 0.003546501, 0.000000000, 0.000000000, 0.000000000, 0.000000000, 0.000000000, 0.000000000, 0.000000000, 0.000000000, 0.000000000, 0.000000000, 
    0.000000000, 0.000000000, 0.000000000, 0.000000000, 0.000000000, 0.000000000, 0.000000000, 0.000000000, 0.000000000, 0.000000000, 0.000000000, 0.000000000, 0.012784763, 0.032386158, 0.050636448, 0.067456380, 0.082767174, 0.096492067, 0.108557954, 0.118896641, 0.127446622, 0.134154961, 0.138978690, 0.141885877, 0.142857149, 0.141885877, 0.138978690, 0.134154961, 0.127446622, 0.118896641, 0.108557954, 0.096492067, 0.082767174, 0.067456380, 0.050636448, 0.032386158, 0.012784763, 0.000000000, 0.000000000, 0.000000000, 0.000000000, 0.000000000, 0.000000000, 0.000000000, 0.000000000, 0.000000000, 0.000000000, 0.000000000, 0.000000000, 
    0.000000000, 0.000000000, 0.000000000, 0.000000000, 0.000000000, 0.000000000, 0.000000000, 0.000000000, 0.000000000, 0.000000000, 0.000000000, 0.000000000, 0.000000000, 0.000000000, 0.013628901, 0.029807033, 0.044514325, 0.057681959, 0.069244541, 0.079141736, 0.087319195, 0.093730457, 0.098337911, 0.101113692, 0.102040820, 0.101113692, 0.098337911, 0.093730457, 0.087319195, 0.079141736, 0.069244541, 0.057681959, 0.044514325, 0.029807033, 0.013628901, 0.000000000, 0.000000000, 0.000000000, 0.000000000, 0.000000000, 0.000000000, 0.000000000, 0.000000000, 0.000000000, 0.000000000, 0.000000000, 0.000000000, 0.000000000, 0.000000000, 
    0.000000000, 0.000000000, 0.000000000, 0.000000000, 0.000000000, 0.000000000, 0.000000000, 0.000000000, 0.000000000, 0.000000000, 0.000000000, 0.000000000, 0.000000000, 0.000000000, 0.000000000, 0.000000000, 0.006057505, 0.018708989, 0.029807033, 0.039297767, 0.047133233, 0.053272404, 0.057681959, 0.060337611, 0.061224490, 0.060337611, 0.057681959, 0.053272404, 0.047133233, 0.039297767, 0.029807033, 0.018708989, 0.006057505, 0.000000000, 0.000000000, 0.000000000, 0.000000000, 0.000000000, 0.000000000, 0.000000000, 0.000000000, 0.000000000, 0.000000000, 0.000000000, 0.000000000, 0.000000000, 0.000000000, 0.000000000, 0.000000000, 
    0.000000000, 0.000000000, 0.000000000, 0.000000000, 0.000000000, 0.000000000, 0.000000000, 0.000000000, 0.000000000, 0.000000000, 0.000000000, 0.000000000, 0.000000000, 0.000000000, 0.000000000, 0.000000000, 0.000000000, 0.000000000, 0.000000000, 0.000000000, 0.006895883, 0.012784763, 0.017012693, 0.019558186, 0.020408163, 0.019558186, 0.017012693, 0.012784763, 0.006895883, 0.000000000, 0.000000000, 0.000000000, 0.000000000, 0.000000000, 0.000000000, 0.000000000, 0.000000000, 0.000000000, 0.000000000, 0.000000000, 0.000000000, 0.000000000, 0.000000000, 0.000000000, 0.000000000, 0.000000000, 0.000000000, 0.000000000, 0.000000000, 
};

vec2 quantized(vec2 uv)
{
    uv /= 10.0;
    ivec2 floorVec = ivec2(round(uv));
    uv -= floorVec;
    return uv;
}

void main()
{
    vec2 uv =  gl_FragCoord.xy; // this works because our sampler is set to use unnormalizedCoordinates
    vec4 baseColor = vec4(0, 0, 0, 1);
    for (int i = -1 * KERN_WIDTH; i <= KERN_WIDTH; i++)
    {
        for (int j = -1 * KERN_WIDTH; j <= KERN_WIDTH; j++)
        {
            const vec2 delta = vec2(i, j);
            float scale = glow[(i+KERN_WIDTH) * KERN_SIZE + (j + KERN_WIDTH)];
            vec4 c = scale * scale * scale * texture(inTex, uv + delta);
            if ( i != 0 || j != 0)
            {
                c.r = c.g = c.b;
                c *= 0.002;
            }
            baseColor += c;
        }
    }
    outColor = baseColor;
}
